# X Y Z
2.500000 0.000000 0.000000
2.377641 0.772542 0.000000
2.022542 1.469463 0.000000
1.469463 2.022542 0.000000
0.772542 2.377641 0.000000
0.000000 2.500000 0.000000
-0.772542 2.377641 0.000000
-1.469463 2.022542 0.000000
-2.022542 1.469463 0.000000
-2.377641 0.772542 0.000000
-2.500000 0.000000 0.000000
-2.377641 -0.772542 0.000000
-2.022542 -1.469463 0.000000
-1.469463 -2.022542 0.000000
-0.772542 -2.377641 0.000000
-0.000000 -2.500000 0.000000
0.772542 -2.377641 0.000000
1.469463 -2.022542 0.000000
2.022542 -1.469463 0.000000
2.377641 -0.772542 0.000000
2.500000 0.000000 1.052632
2.377641 0.772542 1.052632
2.022542 1.469463 1.052632
1.469463 2.022542 1.052632
0.772542 2.377641 1.052632
0.000000 2.500000 1.052632
-0.772542 2.377641 1.052632
-1.469463 2.022542 1.052632
-2.022542 1.469463 1.052632
-2.377641 0.772542 1.052632
-2.500000 0.000000 1.052632
-2.377641 -0.772542 1.052632
-2.022542 -1.469463 1.052632
-1.469463 -2.022542 1.052632
-0.772542 -2.377641 1.052632
-0.000000 -2.500000 1.052632
0.772542 -2.377641 1.052632
1.469463 -2.022542 1.052632
2.022542 -1.469463 1.052632
2.377641 -0.772542 1.052632
2.500000 0.000000 2.105263
2.377641 0.772542 2.105263
2.022542 1.469463 2.105263
1.469463 2.022542 2.105263
0.772542 2.377641 2.105263
0.000000 2.500000 2.105263
-0.772542 2.377641 2.105263
-1.469463 2.022542 2.105263
-2.022542 1.469463 2.105263
-2.377641 0.772542 2.105263
-2.500000 0.000000 2.105263
-2.377641 -0.772542 2.105263
-2.022542 -1.469463 2.105263
-1.469463 -2.022542 2.105263
-0.772542 -2.377641 2.105263
-0.000000 -2.500000 2.105263
0.772542 -2.377641 2.105263
1.469463 -2.022542 2.105263
2.022542 -1.469463 2.105263
2.377641 -0.772542 2.105263
2.500000 0.000000 3.157895
2.377641 0.772542 3.157895
2.022542 1.469463 3.157895
1.469463 2.022542 3.157895
0.772542 2.377641 3.157895
0.000000 2.500000 3.157895
-0.772542 2.377641 3.157895
-1.469463 2.022542 3.157895
-2.022542 1.469463 3.157895
-2.377641 0.772542 3.157895
-2.500000 0.000000 3.157895
-2.377641 -0.772542 3.157895
-2.022542 -1.469463 3.157895
-1.469463 -2.022542 3.157895
-0.772542 -2.377641 3.157895
-0.000000 -2.500000 3.157895
0.772542 -2.377641 3.157895
1.469463 -2.022542 3.157895
2.022542 -1.469463 3.157895
2.377641 -0.772542 3.157895
2.500000 0.000000 4.210526
2.377641 0.772542 4.210526
2.022542 1.469463 4.210526
1.469463 2.022542 4.210526
0.772542 2.377641 4.210526
0.000000 2.500000 4.210526
-0.772542 2.377641 4.210526
-1.469463 2.022542 4.210526
-2.022542 1.469463 4.210526
-2.377641 0.772542 4.210526
-2.500000 0.000000 4.210526
-2.377641 -0.772542 4.210526
-2.022542 -1.469463 4.210526
-1.469463 -2.022542 4.210526
-0.772542 -2.377641 4.210526
-0.000000 -2.500000 4.210526
0.772542 -2.377641 4.210526
1.469463 -2.022542 4.210526
2.022542 -1.469463 4.210526
2.377641 -0.772542 4.210526
2.500000 0.000000 5.263158
2.377641 0.772542 5.263158
2.022542 1.469463 5.263158
1.469463 2.022542 5.263158
0.772542 2.377641 5.263158
0.000000 2.500000 5.263158
-0.772542 2.377641 5.263158
-1.469463 2.022542 5.263158
-2.022542 1.469463 5.263158
-2.377641 0.772542 5.263158
-2.500000 0.000000 5.263158
-2.377641 -0.772542 5.263158
-2.022542 -1.469463 5.263158
-1.469463 -2.022542 5.263158
-0.772542 -2.377641 5.263158
-0.000000 -2.500000 5.263158
0.772542 -2.377641 5.263158
1.469463 -2.022542 5.263158
2.022542 -1.469463 5.263158
2.377641 -0.772542 5.263158
2.500000 0.000000 6.315789
2.377641 0.772542 6.315789
2.022542 1.469463 6.315789
1.469463 2.022542 6.315789
0.772542 2.377641 6.315789
0.000000 2.500000 6.315789
-0.772542 2.377641 6.315789
-1.469463 2.022542 6.315789
-2.022542 1.469463 6.315789
-2.377641 0.772542 6.315789
-2.500000 0.000000 6.315789
-2.377641 -0.772542 6.315789
-2.022542 -1.469463 6.315789
-1.469463 -2.022542 6.315789
-0.772542 -2.377641 6.315789
-0.000000 -2.500000 6.315789
0.772542 -2.377641 6.315789
1.469463 -2.022542 6.315789
2.022542 -1.469463 6.315789
2.377641 -0.772542 6.315789
2.500000 0.000000 7.368421
2.377641 0.772542 7.368421
2.022542 1.469463 7.368421
1.469463 2.022542 7.368421
0.772542 2.377641 7.368421
0.000000 2.500000 7.368421
-0.772542 2.377641 7.368421
-1.469463 2.022542 7.368421
-2.022542 1.469463 7.368421
-2.377641 0.772542 7.368421
-2.500000 0.000000 7.368421
-2.377641 -0.772542 7.368421
-2.022542 -1.469463 7.368421
-1.469463 -2.022542 7.368421
-0.772542 -2.377641 7.368421
-0.000000 -2.500000 7.368421
0.772542 -2.377641 7.368421
1.469463 -2.022542 7.368421
2.022542 -1.469463 7.368421
2.377641 -0.772542 7.368421
2.500000 0.000000 8.421053
2.377641 0.772542 8.421053
2.022542 1.469463 8.421053
1.469463 2.022542 8.421053
0.772542 2.377641 8.421053
0.000000 2.500000 8.421053
-0.772542 2.377641 8.421053
-1.469463 2.022542 8.421053
-2.022542 1.469463 8.421053
-2.377641 0.772542 8.421053
-2.500000 0.000000 8.421053
-2.377641 -0.772542 8.421053
-2.022542 -1.469463 8.421053
-1.469463 -2.022542 8.421053
-0.772542 -2.377641 8.421053
-0.000000 -2.500000 8.421053
0.772542 -2.377641 8.421053
1.469463 -2.022542 8.421053
2.022542 -1.469463 8.421053
2.377641 -0.772542 8.421053
2.500000 0.000000 9.473684
2.377641 0.772542 9.473684
2.022542 1.469463 9.473684
1.469463 2.022542 9.473684
0.772542 2.377641 9.473684
0.000000 2.500000 9.473684
-0.772542 2.377641 9.473684
-1.469463 2.022542 9.473684
-2.022542 1.469463 9.473684
-2.377641 0.772542 9.473684
-2.500000 0.000000 9.473684
-2.377641 -0.772542 9.473684
-2.022542 -1.469463 9.473684
-1.469463 -2.022542 9.473684
-0.772542 -2.377641 9.473684
-0.000000 -2.500000 9.473684
0.772542 -2.377641 9.473684
1.469463 -2.022542 9.473684
2.022542 -1.469463 9.473684
2.377641 -0.772542 9.473684
2.500000 0.000000 10.526316
2.377641 0.772542 10.526316
2.022542 1.469463 10.526316
1.469463 2.022542 10.526316
0.772542 2.377641 10.526316
0.000000 2.500000 10.526316
-0.772542 2.377641 10.526316
-1.469463 2.022542 10.526316
-2.022542 1.469463 10.526316
-2.377641 0.772542 10.526316
-2.500000 0.000000 10.526316
-2.377641 -0.772542 10.526316
-2.022542 -1.469463 10.526316
-1.469463 -2.022542 10.526316
-0.772542 -2.377641 10.526316
-0.000000 -2.500000 10.526316
0.772542 -2.377641 10.526316
1.469463 -2.022542 10.526316
2.022542 -1.469463 10.526316
2.377641 -0.772542 10.526316
2.500000 0.000000 11.578947
2.377641 0.772542 11.578947
2.022542 1.469463 11.578947
1.469463 2.022542 11.578947
0.772542 2.377641 11.578947
0.000000 2.500000 11.578947
-0.772542 2.377641 11.578947
-1.469463 2.022542 11.578947
-2.022542 1.469463 11.578947
-2.377641 0.772542 11.578947
-2.500000 0.000000 11.578947
-2.377641 -0.772542 11.578947
-2.022542 -1.469463 11.578947
-1.469463 -2.022542 11.578947
-0.772542 -2.377641 11.578947
-0.000000 -2.500000 11.578947
0.772542 -2.377641 11.578947
1.469463 -2.022542 11.578947
2.022542 -1.469463 11.578947
2.377641 -0.772542 11.578947
2.500000 0.000000 12.631579
2.377641 0.772542 12.631579
2.022542 1.469463 12.631579
1.469463 2.022542 12.631579
0.772542 2.377641 12.631579
0.000000 2.500000 12.631579
-0.772542 2.377641 12.631579
-1.469463 2.022542 12.631579
-2.022542 1.469463 12.631579
-2.377641 0.772542 12.631579
-2.500000 0.000000 12.631579
-2.377641 -0.772542 12.631579
-2.022542 -1.469463 12.631579
-1.469463 -2.022542 12.631579
-0.772542 -2.377641 12.631579
-0.000000 -2.500000 12.631579
0.772542 -2.377641 12.631579
1.469463 -2.022542 12.631579
2.022542 -1.469463 12.631579
2.377641 -0.772542 12.631579
2.500000 0.000000 13.684211
2.377641 0.772542 13.684211
2.022542 1.469463 13.684211
1.469463 2.022542 13.684211
0.772542 2.377641 13.684211
0.000000 2.500000 13.684211
-0.772542 2.377641 13.684211
-1.469463 2.022542 13.684211
-2.022542 1.469463 13.684211
-2.377641 0.772542 13.684211
-2.500000 0.000000 13.684211
-2.377641 -0.772542 13.684211
-2.022542 -1.469463 13.684211
-1.469463 -2.022542 13.684211
-0.772542 -2.377641 13.684211
-0.000000 -2.500000 13.684211
0.772542 -2.377641 13.684211
1.469463 -2.022542 13.684211
2.022542 -1.469463 13.684211
2.377641 -0.772542 13.684211
2.500000 0.000000 14.736842
2.377641 0.772542 14.736842
2.022542 1.469463 14.736842
1.469463 2.022542 14.736842
0.772542 2.377641 14.736842
0.000000 2.500000 14.736842
-0.772542 2.377641 14.736842
-1.469463 2.022542 14.736842
-2.022542 1.469463 14.736842
-2.377641 0.772542 14.736842
-2.500000 0.000000 14.736842
-2.377641 -0.772542 14.736842
-2.022542 -1.469463 14.736842
-1.469463 -2.022542 14.736842
-0.772542 -2.377641 14.736842
-0.000000 -2.500000 14.736842
0.772542 -2.377641 14.736842
1.469463 -2.022542 14.736842
2.022542 -1.469463 14.736842
2.377641 -0.772542 14.736842
2.500000 0.000000 15.789474
2.377641 0.772542 15.789474
2.022542 1.469463 15.789474
1.469463 2.022542 15.789474
0.772542 2.377641 15.789474
0.000000 2.500000 15.789474
-0.772542 2.377641 15.789474
-1.469463 2.022542 15.789474
-2.022542 1.469463 15.789474
-2.377641 0.772542 15.789474
-2.500000 0.000000 15.789474
-2.377641 -0.772542 15.789474
-2.022542 -1.469463 15.789474
-1.469463 -2.022542 15.789474
-0.772542 -2.377641 15.789474
-0.000000 -2.500000 15.789474
0.772542 -2.377641 15.789474
1.469463 -2.022542 15.789474
2.022542 -1.469463 15.789474
2.377641 -0.772542 15.789474
2.500000 0.000000 16.842105
2.377641 0.772542 16.842105
2.022542 1.469463 16.842105
1.469463 2.022542 16.842105
0.772542 2.377641 16.842105
0.000000 2.500000 16.842105
-0.772542 2.377641 16.842105
-1.469463 2.022542 16.842105
-2.022542 1.469463 16.842105
-2.377641 0.772542 16.842105
-2.500000 0.000000 16.842105
-2.377641 -0.772542 16.842105
-2.022542 -1.469463 16.842105
-1.469463 -2.022542 16.842105
-0.772542 -2.377641 16.842105
-0.000000 -2.500000 16.842105
0.772542 -2.377641 16.842105
1.469463 -2.022542 16.842105
2.022542 -1.469463 16.842105
2.377641 -0.772542 16.842105
2.500000 0.000000 17.894737
2.377641 0.772542 17.894737
2.022542 1.469463 17.894737
1.469463 2.022542 17.894737
0.772542 2.377641 17.894737
0.000000 2.500000 17.894737
-0.772542 2.377641 17.894737
-1.469463 2.022542 17.894737
-2.022542 1.469463 17.894737
-2.377641 0.772542 17.894737
-2.500000 0.000000 17.894737
-2.377641 -0.772542 17.894737
-2.022542 -1.469463 17.894737
-1.469463 -2.022542 17.894737
-0.772542 -2.377641 17.894737
-0.000000 -2.500000 17.894737
0.772542 -2.377641 17.894737
1.469463 -2.022542 17.894737
2.022542 -1.469463 17.894737
2.377641 -0.772542 17.894737
2.500000 0.000000 18.947368
2.377641 0.772542 18.947368
2.022542 1.469463 18.947368
1.469463 2.022542 18.947368
0.772542 2.377641 18.947368
0.000000 2.500000 18.947368
-0.772542 2.377641 18.947368
-1.469463 2.022542 18.947368
-2.022542 1.469463 18.947368
-2.377641 0.772542 18.947368
-2.500000 0.000000 18.947368
-2.377641 -0.772542 18.947368
-2.022542 -1.469463 18.947368
-1.469463 -2.022542 18.947368
-0.772542 -2.377641 18.947368
-0.000000 -2.500000 18.947368
0.772542 -2.377641 18.947368
1.469463 -2.022542 18.947368
2.022542 -1.469463 18.947368
2.377641 -0.772542 18.947368
2.500000 0.000000 20.000000
2.377641 0.772542 20.000000
2.022542 1.469463 20.000000
1.469463 2.022542 20.000000
0.772542 2.377641 20.000000
0.000000 2.500000 20.000000
-0.772542 2.377641 20.000000
-1.469463 2.022542 20.000000
-2.022542 1.469463 20.000000
-2.377641 0.772542 20.000000
-2.500000 0.000000 20.000000
-2.377641 -0.772542 20.000000
-2.022542 -1.469463 20.000000
-1.469463 -2.022542 20.000000
-0.772542 -2.377641 20.000000
-0.000000 -2.500000 20.000000
0.772542 -2.377641 20.000000
1.469463 -2.022542 20.000000
2.022542 -1.469463 20.000000
2.377641 -0.772542 20.000000
-1.500000 -1.500000 1.000000
-1.500000 -1.500000 2.000000
-1.500000 -1.500000 3.000000
-1.500000 -1.500000 4.000000
-1.500000 -1.500000 5.000000
-1.500000 -1.500000 6.000000
-1.500000 -1.500000 7.000000
-1.500000 -1.500000 8.000000
-1.500000 -1.500000 9.000000
-1.500000 -1.500000 10.000000
-1.500000 -1.500000 11.000000
-1.500000 -1.500000 12.000000
-1.500000 -1.500000 13.000000
-1.500000 -1.500000 14.000000
-1.500000 -1.500000 15.000000
-1.500000 -1.500000 16.000000
-1.500000 -1.500000 17.000000
-1.500000 -1.500000 18.000000
-1.500000 -1.500000 19.000000
-0.500000 -1.500000 1.000000
-0.500000 -1.500000 2.000000
-0.500000 -1.500000 3.000000
-0.500000 -1.500000 4.000000
-0.500000 -1.500000 5.000000
-0.500000 -1.500000 6.000000
-0.500000 -1.500000 7.000000
-0.500000 -1.500000 8.000000
-0.500000 -1.500000 9.000000
-0.500000 -1.500000 10.000000
-0.500000 -1.500000 11.000000
-0.500000 -1.500000 12.000000
-0.500000 -1.500000 13.000000
-0.500000 -1.500000 14.000000
-0.500000 -1.500000 15.000000
-0.500000 -1.500000 16.000000
-0.500000 -1.500000 17.000000
-0.500000 -1.500000 18.000000
-0.500000 -1.500000 19.000000
0.500000 -1.500000 1.000000
0.500000 -1.500000 2.000000
0.500000 -1.500000 3.000000
0.500000 -1.500000 4.000000
0.500000 -1.500000 5.000000
0.500000 -1.500000 6.000000
0.500000 -1.500000 7.000000
0.500000 -1.500000 8.000000
0.500000 -1.500000 9.000000
0.500000 -1.500000 10.000000
0.500000 -1.500000 11.000000
0.500000 -1.500000 12.000000
0.500000 -1.500000 13.000000
0.500000 -1.500000 14.000000
0.500000 -1.500000 15.000000
0.500000 -1.500000 16.000000
0.500000 -1.500000 17.000000
0.500000 -1.500000 18.000000
0.500000 -1.500000 19.000000
1.500000 -1.500000 1.000000
1.500000 -1.500000 2.000000
1.500000 -1.500000 3.000000
1.500000 -1.500000 4.000000
1.500000 -1.500000 5.000000
1.500000 -1.500000 6.000000
1.500000 -1.500000 7.000000
1.500000 -1.500000 8.000000
1.500000 -1.500000 9.000000
1.500000 -1.500000 10.000000
1.500000 -1.500000 11.000000
1.500000 -1.500000 12.000000
1.500000 -1.500000 13.000000
1.500000 -1.500000 14.000000
1.500000 -1.500000 15.000000
1.500000 -1.500000 16.000000
1.500000 -1.500000 17.000000
1.500000 -1.500000 18.000000
1.500000 -1.500000 19.000000
-1.500000 -0.500000 1.000000
-1.500000 -0.500000 2.000000
-1.500000 -0.500000 3.000000
-1.500000 -0.500000 4.000000
-1.500000 -0.500000 5.000000
-1.500000 -0.500000 6.000000
-1.500000 -0.500000 7.000000
-1.500000 -0.500000 8.000000
-1.500000 -0.500000 9.000000
-1.500000 -0.500000 10.000000
-1.500000 -0.500000 11.000000
-1.500000 -0.500000 12.000000
-1.500000 -0.500000 13.000000
-1.500000 -0.500000 14.000000
-1.500000 -0.500000 15.000000
-1.500000 -0.500000 16.000000
-1.500000 -0.500000 17.000000
-1.500000 -0.500000 18.000000
-1.500000 -0.500000 19.000000
-0.500000 -0.500000 1.000000
-0.500000 -0.500000 2.000000
-0.500000 -0.500000 3.000000
-0.500000 -0.500000 4.000000
-0.500000 -0.500000 5.000000
-0.500000 -0.500000 6.000000
-0.500000 -0.500000 7.000000
-0.500000 -0.500000 8.000000
-0.500000 -0.500000 9.000000
-0.500000 -0.500000 10.000000
-0.500000 -0.500000 11.000000
-0.500000 -0.500000 12.000000
-0.500000 -0.500000 13.000000
-0.500000 -0.500000 14.000000
-0.500000 -0.500000 15.000000
-0.500000 -0.500000 16.000000
-0.500000 -0.500000 17.000000
-0.500000 -0.500000 18.000000
-0.500000 -0.500000 19.000000
0.500000 -0.500000 1.000000
0.500000 -0.500000 2.000000
0.500000 -0.500000 3.000000
0.500000 -0.500000 4.000000
0.500000 -0.500000 5.000000
0.500000 -0.500000 6.000000
0.500000 -0.500000 7.000000
0.500000 -0.500000 8.000000
0.500000 -0.500000 9.000000
0.500000 -0.500000 10.000000
0.500000 -0.500000 11.000000
0.500000 -0.500000 12.000000
0.500000 -0.500000 13.000000
0.500000 -0.500000 14.000000
0.500000 -0.500000 15.000000
0.500000 -0.500000 16.000000
0.500000 -0.500000 17.000000
0.500000 -0.500000 18.000000
0.500000 -0.500000 19.000000
1.500000 -0.500000 1.000000
1.500000 -0.500000 2.000000
1.500000 -0.500000 3.000000
1.500000 -0.500000 4.000000
1.500000 -0.500000 5.000000
1.500000 -0.500000 6.000000
1.500000 -0.500000 7.000000
1.500000 -0.500000 8.000000
1.500000 -0.500000 9.000000
1.500000 -0.500000 10.000000
1.500000 -0.500000 11.000000
1.500000 -0.500000 12.000000
1.500000 -0.500000 13.000000
1.500000 -0.500000 14.000000
1.500000 -0.500000 15.000000
1.500000 -0.500000 16.000000
1.500000 -0.500000 17.000000
1.500000 -0.500000 18.000000
1.500000 -0.500000 19.000000
-1.500000 0.500000 1.000000
-1.500000 0.500000 2.000000
-1.500000 0.500000 3.000000
-1.500000 0.500000 4.000000
-1.500000 0.500000 5.000000
-1.500000 0.500000 6.000000
-1.500000 0.500000 7.000000
-1.500000 0.500000 8.000000
-1.500000 0.500000 9.000000
-1.500000 0.500000 10.000000
-1.500000 0.500000 11.000000
-1.500000 0.500000 12.000000
-1.500000 0.500000 13.000000
-1.500000 0.500000 14.000000
-1.500000 0.500000 15.000000
-1.500000 0.500000 16.000000
-1.500000 0.500000 17.000000
-1.500000 0.500000 18.000000
-1.500000 0.500000 19.000000
-0.500000 0.500000 1.000000
-0.500000 0.500000 2.000000
-0.500000 0.500000 3.000000
-0.500000 0.500000 4.000000
-0.500000 0.500000 5.000000
-0.500000 0.500000 6.000000
-0.500000 0.500000 7.000000
-0.500000 0.500000 8.000000
-0.500000 0.500000 9.000000
-0.500000 0.500000 10.000000
-0.500000 0.500000 11.000000
-0.500000 0.500000 12.000000
-0.500000 0.500000 13.000000
-0.500000 0.500000 14.000000
-0.500000 0.500000 15.000000
-0.500000 0.500000 16.000000
-0.500000 0.500000 17.000000
-0.500000 0.500000 18.000000
-0.500000 0.500000 19.000000
0.500000 0.500000 1.000000
0.500000 0.500000 2.000000
0.500000 0.500000 3.000000
0.500000 0.500000 4.000000
0.500000 0.500000 5.000000
0.500000 0.500000 6.000000
0.500000 0.500000 7.000000
0.500000 0.500000 8.000000
0.500000 0.500000 9.000000
0.500000 0.500000 10.000000
0.500000 0.500000 11.000000
0.500000 0.500000 12.000000
0.500000 0.500000 13.000000
0.500000 0.500000 14.000000
0.500000 0.500000 15.000000
0.500000 0.500000 16.000000
0.500000 0.500000 17.000000
0.500000 0.500000 18.000000
0.500000 0.500000 19.000000
1.500000 0.500000 1.000000
1.500000 0.500000 2.000000
1.500000 0.500000 3.000000
1.500000 0.500000 4.000000
1.500000 0.500000 5.000000
1.500000 0.500000 6.000000
1.500000 0.500000 7.000000
1.500000 0.500000 8.000000
1.500000 0.500000 9.000000
1.500000 0.500000 10.000000
1.500000 0.500000 11.000000
1.500000 0.500000 12.000000
1.500000 0.500000 13.000000
1.500000 0.500000 14.000000
1.500000 0.500000 15.000000
1.500000 0.500000 16.000000
1.500000 0.500000 17.000000
1.500000 0.500000 18.000000
1.500000 0.500000 19.000000
-1.500000 1.500000 1.000000
-1.500000 1.500000 2.000000
-1.500000 1.500000 3.000000
-1.500000 1.500000 4.000000
-1.500000 1.500000 5.000000
-1.500000 1.500000 6.000000
-1.500000 1.500000 7.000000
-1.500000 1.500000 8.000000
-1.500000 1.500000 9.000000
-1.500000 1.500000 10.000000
-1.500000 1.500000 11.000000
-1.500000 1.500000 12.000000
-1.500000 1.500000 13.000000
-1.500000 1.500000 14.000000
-1.500000 1.500000 15.000000
-1.500000 1.500000 16.000000
-1.500000 1.500000 17.000000
-1.500000 1.500000 18.000000
-1.500000 1.500000 19.000000
-0.500000 1.500000 1.000000
-0.500000 1.500000 2.000000
-0.500000 1.500000 3.000000
-0.500000 1.500000 4.000000
-0.500000 1.500000 5.000000
-0.500000 1.500000 6.000000
-0.500000 1.500000 7.000000
-0.500000 1.500000 8.000000
-0.500000 1.500000 9.000000
-0.500000 1.500000 10.000000
-0.500000 1.500000 11.000000
-0.500000 1.500000 12.000000
-0.500000 1.500000 13.000000
-0.500000 1.500000 14.000000
-0.500000 1.500000 15.000000
-0.500000 1.500000 16.000000
-0.500000 1.500000 17.000000
-0.500000 1.500000 18.000000
-0.500000 1.500000 19.000000
0.500000 1.500000 1.000000
0.500000 1.500000 2.000000
0.500000 1.500000 3.000000
0.500000 1.500000 4.000000
0.500000 1.500000 5.000000
0.500000 1.500000 6.000000
0.500000 1.500000 7.000000
0.500000 1.500000 8.000000
0.500000 1.500000 9.000000
0.500000 1.500000 10.000000
0.500000 1.500000 11.000000
0.500000 1.500000 12.000000
0.500000 1.500000 13.000000
0.500000 1.500000 14.000000
0.500000 1.500000 15.000000
0.500000 1.500000 16.000000
0.500000 1.500000 17.000000
0.500000 1.500000 18.000000
0.500000 1.500000 19.000000
1.500000 1.500000 1.000000
1.500000 1.500000 2.000000
1.500000 1.500000 3.000000
1.500000 1.500000 4.000000
1.500000 1.500000 5.000000
1.500000 1.500000 6.000000
1.500000 1.500000 7.000000
1.500000 1.500000 8.000000
1.500000 1.500000 9.000000
1.500000 1.500000 10.000000
1.500000 1.500000 11.000000
1.500000 1.500000 12.000000
1.500000 1.500000 13.000000
1.500000 1.500000 14.000000
1.500000 1.500000 15.000000
1.500000 1.500000 16.000000
1.500000 1.500000 17.000000
1.500000 1.500000 18.000000
1.500000 1.500000 19.000000
